"x"
20850
17192
16008
16008
16008
15232
15232
15232
15232
15232
15232
15232
15232
15232
15232
15232
15232
15232
15232
15232
